1 2
1 3
1 4
1 5
1 7
1 9
1 10
1 11
1 14
1 16
1 17
1 22
1 23
1 24
1 27
1 28
1 31
1 44
1 46
1 50
1 54
1 57
1 65
1 70
1 72
1 75
1 80
1 86
1 88
1 101
1 108
1 117
1 133
1 137
1 139
1 158
1 181
1 202
1 221
1 223
1 237
1 242
1 256
1 263
1 289
1 324
1 330
1 365
1 376
1 409
1 437
1 460
1 468
1 582
1 592
1 608
1 635
1 640
1 655
1 663
1 665
1 666
1 674
1 703
1 728
1 729
1 765
1 797
1 805
1 806
1 847
1 872
1 881
1 901
1 961
2 3
2 4
2 6
2 8
2 115
2 121
2 183
2 229
2 245
2 464
2 503
2 580
2 699
2 763
2 840
2 962
3 4
3 10
3 13
3 71
3 84
3 112
3 182
3 244
3 375
3 532
3 670
3 865
3 896
3 915
3 976
4 5
4 6
4 8
4 12
4 15
4 16
4 20
4 27
4 29
4 30
4 38
4 40
4 41
4 45
4 46
4 48
4 63
4 77
4 84
4 88
4 93
4 100
4 106
4 111
4 152
4 165
4 166
4 170
4 172
4 184
4 198
4 218
4 283
4 284
4 310
4 323
4 341
4 344
4 352
4 387
4 402
4 416
4 441
4 454
4 458
4 482
4 488
4 533
4 546
4 547
4 590
4 712
4 715
4 733
4 736
4 814
4 878
4 904
4 913
4 955
5 7
5 11
5 33
5 40
5 44
5 57
5 64
5 95
5 98
5 104
5 108
5 121
5 134
5 136
5 150
5 159
5 169
5 190
5 210
5 227
5 234
5 249
5 279
5 303
5 356
5 384
5 386
5 404
5 472
5 478
5 513
5 526
5 576
5 613
5 626
5 635
5 658
5 685
5 705
5 719
5 854
5 856
5 857
5 866
5 880
5 891
5 893
5 928
5 950
5 961
6 9
6 14
6 19
6 20
6 21
6 43
6 47
6 48
6 60
6 67
6 68
6 69
6 82
6 89
6 90
6 125
6 126
6 168
6 179
6 219
6 248
6 254
6 265
6 284
6 299
6 308
6 312
6 392
6 399
6 421
6 429
6 491
6 506
6 507
6 535
6 646
6 666
6 685
6 891
6 922
6 952
6 956
7 19
7 21
7 25
7 26
7 37
7 53
7 56
7 59
7 66
7 73
7 132
7 139
7 141
7 190
7 207
7 224
7 228
7 236
7 242
7 265
7 269
7 306
7 340
7 443
7 462
7 534
7 593
7 603
7 615
7 618
7 649
7 652
7 764
7 772
7 779
7 809
7 836
7 945
8 12
8 13
8 34
8 67
8 74
8 89
8 114
8 119
8 124
8 267
8 400
8 507
8 540
8 615
8 832
8 888
8 893
8 954
9 32
9 81
9 968
10 51
10 159
10 165
10 199
10 224
10 320
10 378
10 450
10 502
10 632
10 758
10 766
10 781
10 994
11 28
11 65
11 90
11 487
11 651
12 17
12 52
12 92
12 163
12 276
12 289
12 325
12 391
12 430
12 500
12 536
12 567
12 600
12 602
12 608
12 628
12 634
12 637
12 674
12 723
12 755
12 769
12 979
12 991
13 18
13 24
13 31
13 37
13 62
13 142
13 173
13 181
13 191
13 208
13 223
13 234
13 332
13 373
13 501
13 520
13 529
13 600
13 775
13 834
13 879
13 905
14 15
14 18
14 35
14 36
14 39
14 41
14 43
14 49
14 51
14 54
14 56
14 76
14 79
14 94
14 99
14 106
14 107
14 110
14 138
14 153
14 199
14 210
14 280
14 290
14 300
14 301
14 309
14 313
14 322
14 338
14 345
14 357
14 378
14 380
14 395
14 413
14 429
14 432
14 446
14 489
14 512
14 527
14 538
14 559
14 568
14 591
14 597
14 601
14 610
14 613
14 653
14 656
14 675
14 730
14 782
14 785
14 807
14 825
14 842
14 959
14 999
15 22
15 42
15 115
15 116
15 118
15 148
15 157
15 158
15 204
15 262
15 287
15 309
15 311
15 318
15 326
15 457
15 466
15 584
15 909
16 35
16 83
16 92
16 94
16 96
16 261
16 276
16 327
16 329
16 334
16 355
16 475
16 479
16 490
16 557
16 702
16 733
16 753
16 813
16 849
16 912
16 918
17 423
17 566
17 645
17 661
17 662
17 777
17 942
18 52
18 119
18 177
18 211
18 404
18 530
18 609
18 833
19 32
19 33
19 53
19 70
19 76
19 80
19 97
19 101
19 144
19 175
19 192
19 317
19 348
19 402
19 406
19 572
19 643
19 683
19 718
19 764
20 96
20 268
21 25
21 30
21 50
21 216
21 268
21 294
21 308
21 346
21 554
21 629
21 633
21 730
21 776
21 796
21 956
21 977
22 23
23 45
23 104
23 178
23 192
23 217
23 314
23 330
24 26
24 39
24 85
24 112
24 151
24 189
24 252
24 264
24 359
24 424
24 510
24 540
24 604
24 630
24 679
24 688
25 78
25 100
25 357
25 400
25 837
25 919
26 29
26 34
26 58
26 61
26 131
26 133
26 143
26 157
26 206
26 219
26 221
26 226
26 227
26 238
26 244
26 307
26 316
26 390
26 434
26 486
26 530
26 607
26 625
26 652
26 704
26 713
26 812
26 856
26 968
26 986
27 49
27 485
27 832
28 123
28 431
28 470
28 517
28 636
28 717
29 36
29 111
29 171
29 563
29 582
29 594
29 768
29 837
30 423
30 509
30 668
30 701
31 47
31 55
31 64
31 72
31 91
31 105
31 154
31 180
31 298
31 336
31 383
31 389
31 413
31 486
31 515
31 596
31 657
31 660
31 675
31 715
31 717
31 783
32 66
32 97
32 105
32 146
32 161
32 214
32 411
32 584
32 694
32 705
32 752
32 820
32 926
33 149
33 231
33 425
33 484
33 634
33 636
34 42
34 130
34 191
34 335
34 621
35 62
35 163
35 225
35 277
35 364
35 419
35 465
35 480
35 485
35 669
35 830
35 930
35 973
36 71
36 103
36 280
36 395
36 664
36 731
36 894
36 988
37 38
37 120
37 160
37 206
37 255
37 356
37 362
37 435
37 585
37 606
37 867
37 871
37 932
37 983
38 417
39 63
39 128
39 140
39 222
39 421
39 790
39 809
40 61
40 132
40 138
40 188
40 288
40 342
40 877
41 59
41 60
41 127
41 304
41 350
42 83
42 86
42 305
42 412
42 479
42 529
42 551
42 586
43 109
43 174
43 179
43 297
43 302
43 321
43 327
43 522
43 563
44 58
44 77
44 240
44 546
44 838
44 936
45 55
45 68
45 299
45 339
45 555
45 773
45 792
46 811
47 73
47 195
47 260
47 328
47 383
47 642
47 667
47 732
47 784
47 802
47 997
48 98
48 657
48 960
49 79
49 87
49 135
49 215
49 239
49 267
49 332
49 435
49 617
50 208
50 302
50 858
50 906
50 939
50 940
51 454
51 508
51 589
52 87
52 320
52 745
52 940
53 152
53 487
53 981
54 338
54 624
54 767
55 186
55 377
56 95
56 113
56 168
56 169
56 283
56 353
56 638
56 770
56 774
56 787
56 978
56 981
57 74
57 85
57 250
57 314
57 354
57 391
57 425
57 484
57 818
58 69
58 427
58 449
58 788
59 150
59 177
59 196
59 197
59 238
59 241
59 490
59 495
59 519
59 732
59 855
60 209
60 230
60 251
60 254
60 840
60 996
61 164
61 183
62 198
62 226
62 259
62 312
62 444
62 622
62 640
62 749
62 882
62 963
62 971
63 103
63 185
63 195
63 328
63 394
63 433
63 438
63 480
63 532
63 771
63 780
64 122
64 131
64 162
64 386
64 388
64 448
64 458
64 463
64 516
65 322
65 690
65 760
65 798
65 911
66 78
66 113
66 155
66 172
66 439
66 462
66 492
66 661
66 687
66 753
66 777
66 834
66 864
66 918
67 237
68 149
68 236
68 291
68 409
68 488
68 724
68 873
69 114
69 203
69 212
69 228
69 426
69 427
69 452
69 493
69 542
69 583
69 637
69 701
69 821
69 947
70 287
70 624
70 839
70 897
71 75
71 91
71 93
71 99
71 107
71 274
71 361
71 496
71 518
71 852
71 907
71 975
72 261
72 315
72 542
73 325
73 333
73 931
73 941
74 81
74 122
74 137
74 173
74 185
74 264
74 451
75 146
75 412
75 548
75 558
75 725
76 401
76 721
76 729
76 984
77 82
77 153
77 233
77 286
77 292
77 306
77 349
77 377
77 388
77 709
79 270
79 321
79 367
79 603
80 167
80 266
80 385
80 548
81 116
81 118
81 123
81 127
81 130
81 433
81 476
81 553
81 588
81 707
81 750
81 814
81 817
81 835
81 847
81 998
82 194
82 196
82 202
82 215
82 253
82 315
82 358
82 550
82 577
82 581
82 641
82 740
82 759
82 798
82 882
82 921
82 944
83 109
83 164
83 211
83 336
83 360
83 414
83 461
83 541
83 586
83 926
84 444
85 366
86 124
86 142
86 145
86 166
86 174
86 184
86 342
86 375
86 414
86 560
86 700
86 818
86 845
86 862
87 259
87 476
87 835
88 492
88 616
88 690
88 983
90 102
90 791
91 193
91 442
91 518
91 784
92 135
92 565
92 577
92 923
93 176
93 281
93 376
93 649
95 155
95 182
95 305
95 481
95 659
95 843
96 117
96 201
96 232
96 273
96 566
96 648
96 698
96 831
97 134
97 156
97 363
97 471
97 573
97 658
97 756
98 272
98 285
98 686
98 964
99 102
99 151
99 204
99 420
99 440
99 473
99 855
100 351
101 145
101 590
101 617
101 857
102 129
102 212
102 230
102 455
103 189
103 201
103 290
103 304
103 373
103 503
103 901
104 110
104 129
104 140
104 187
104 477
104 825
104 883
104 948
104 978
105 392
106 799
106 954
107 156
107 252
108 543
109 120
109 161
109 260
109 410
109 747
110 147
110 830
111 175
111 365
111 696
111 700
112 136
112 186
113 141
113 187
113 205
113 241
113 255
113 451
113 655
113 746
113 989
114 148
114 194
114 220
114 491
114 571
115 125
115 572
115 997
116 126
116 706
116 844
116 974
117 494
119 128
119 162
119 214
119 417
119 504
119 605
119 665
120 144
120 246
120 509
120 807
121 266
121 344
121 525
123 147
123 154
123 222
123 257
123 298
123 555
123 629
123 631
123 676
123 723
123 768
124 243
124 274
124 366
125 178
125 205
125 293
125 644
126 329
126 549
127 203
127 278
128 443
128 494
131 343
131 405
131 468
131 506
131 619
133 247
134 258
134 262
134 296
134 471
134 538
134 573
134 682
134 787
134 922
135 143
135 193
135 587
135 758
135 992
136 307
136 626
137 382
137 986
139 225
139 547
139 597
139 693
140 176
140 285
140 426
140 514
140 592
140 917
141 250
141 364
141 410
141 726
141 757
141 859
142 282
142 483
142 611
143 239
143 246
143 275
143 316
143 354
143 786
144 256
144 681
144 794
145 170
146 317
146 367
146 647
146 949
147 795
148 271
149 180
149 188
149 243
149 408
149 531
149 688
149 925
151 706
152 200
152 213
152 257
152 333
152 382
152 439
152 564
152 686
152 689
152 712
153 792
154 167
154 263
154 539
154 750
154 943
155 200
155 249
155 405
155 474
155 568
155 873
156 695
157 684
158 160
158 428
158 544
158 714
159 296
159 554
159 738
160 323
160 374
160 381
160 398
160 401
160 408
160 935
162 326
163 313
163 607
164 171
164 279
164 339
164 355
164 415
164 521
164 783
165 218
165 351
165 397
165 523
165 579
165 737
165 869
165 969
165 971
167 659
168 663
168 966
170 900
170 914
172 209
172 345
172 519
172 708
172 762
172 985
174 293
174 370
174 374
174 393
174 528
176 324
176 390
176 418
176 449
176 680
176 920
177 233
177 556
177 967
179 207
179 235
179 248
179 369
180 220
180 270
180 651
181 229
181 282
181 286
181 396
182 197
182 570
183 216
183 245
183 778
184 581
185 473
187 521
187 628
187 716
188 295
188 331
188 574
193 526
193 707
193 742
194 564
195 470
195 531
195 654
195 714
195 727
195 826
196 277
196 311
196 398
196 803
196 919
197 436
197 682
197 711
198 543
198 949
199 213
199 385
199 677
200 247
200 370
200 381
200 477
200 515
200 676
200 756
201 217
201 393
201 419
201 557
202 273
202 278
202 371
202 457
202 524
202 528
202 601
202 697
202 718
202 749
202 761
202 871
203 231
203 447
203 562
203 612
203 824
204 352
204 497
204 643
206 416
206 432
206 930
207 902
208 368
208 396
208 472
208 505
208 525
208 544
208 938
209 318
209 428
210 240
210 269
210 447
210 599
210 716
210 965
210 976
211 361
211 516
212 739
212 910
213 347
216 710
217 759
217 987
218 951
219 622
220 235
220 929
221 275
222 271
222 371
222 913
223 281
227 489
227 512
227 534
228 437
228 639
228 885
229 598
229 827
230 602
230 789
231 232
231 288
231 466
232 362
233 258
234 350
234 618
235 711
236 253
238 340
240 319
240 407
240 456
240 944
242 499
243 645
244 300
245 467
245 537
245 790
246 565
246 757
247 407
249 251
249 335
249 762
252 852
254 614
257 359
258 593
259 569
259 660
259 990
260 851
260 884
261 677
263 272
263 621
264 292
264 878
266 664
266 734
267 695
269 508
269 972
270 295
270 387
270 475
270 495
270 710
270 937
272 403
273 781
273 928
275 793
277 297
277 337
277 453
277 464
277 550
277 576
277 779
277 844
277 846
280 774
281 319
281 358
281 499
281 580
282 697
284 406
284 436
284 498
284 662
284 935
284 977
285 291
285 301
285 501
285 668
287 505
288 459
288 537
289 294
289 303
289 334
289 434
289 482
289 957
289 965
290 363
291 800
293 571
294 379
294 442
294 504
294 520
294 980
296 522
297 331
297 815
298 513
298 881
299 609
300 703
301 424
301 514
302 310
303 599
303 748
303 797
305 389
306 343
306 348
306 372
306 397
306 740
309 341
309 368
309 394
309 415
309 418
309 709
312 360
314 461
314 469
314 569
316 771
317 337
317 453
317 460
317 969
318 604
318 902
320 561
320 848
321 384
321 734
322 445
322 654
325 511
325 623
325 975
326 452
326 811
326 958
327 551
328 399
329 770
332 353
333 496
333 747
335 349
335 864
336 440
336 481
339 379
339 431
339 672
341 347
341 761
342 836
343 441
344 346
345 380
345 896
346 886
347 422
350 722
350 769
350 845
350 996
351 990
353 684
354 372
354 420
354 931
355 463
356 369
356 863
356 879
357 596
358 450
358 828
360 438
360 631
360 789
360 970
362 627
362 778
364 553
366 459
367 966
368 578
368 853
370 708
370 812
370 993
372 876
377 776
377 950
378 536
378 957
380 430
380 903
381 500
381 870
382 474
382 570
382 810
382 959
383 794
383 801
383 910
384 483
385 403
385 465
385 502
385 552
385 558
386 754
386 795
389 619
389 819
390 595
390 720
390 767
390 804
392 865
393 739
393 867
394 469
394 539
395 411
395 755
395 915
396 673
397 478
398 670
398 841
400 861
403 813
407 860
408 467
409 724
411 578
411 953
411 955
413 870
414 445
414 541
414 562
414 880
414 993
415 422
415 810
417 455
417 860
417 897
422 916
423 446
423 456
423 587
423 650
424 448
425 517
428 694
429 585
429 653
431 671
431 752
431 941
432 679
432 731
432 958
433 742
435 588
435 719
435 816
435 885
436 800
438 982
439 693
439 704
439 876
441 616
445 683
446 511
446 595
446 656
447 898
449 630
449 772
452 816
454 625
458 743
459 549
460 942
462 678
463 808
467 669
467 803
468 510
468 594
468 713
468 782
470 559
470 591
470 951
471 574
471 826
473 493
474 698
474 899
480 894
480 925
482 498
482 681
485 545
485 699
489 497
489 533
489 671
489 988
492 736
492 890
492 929
495 892
497 545
497 745
499 611
500 743
500 786
501 527
502 560
503 579
505 829
505 889
505 933
506 523
507 726
510 535
510 841
511 567
515 620
515 799
515 917
516 735
519 691
519 945
521 667
522 524
522 575
524 678
524 691
524 727
525 934
529 633
529 999
531 828
533 765
534 612
535 851
536 552
536 556
537 741
539 606
540 863
540 927
541 575
541 589
541 937
541 970
542 680
542 702
542 796
543 644
545 973
547 838
548 738
548 877
549 720
552 943
554 751
554 821
555 561
555 985
557 721
559 632
565 883
567 583
567 642
567 775
567 869
569 646
570 874
570 905
571 598
573 868
573 911
574 808
574 907
575 815
575 874
578 801
578 823
579 722
580 862
581 639
587 605
587 627
587 914
590 689
590 793
590 875
593 805
594 623
595 673
596 672
596 766
596 908
597 610
597 802
599 638
599 858
603 833
603 859
604 614
604 650
604 831
604 839
605 648
605 780
605 868
606 804
611 696
613 888
614 823
616 737
617 934
617 963
618 620
618 817
619 647
619 854
619 920
619 964
619 984
620 916
621 687
622 692
622 763
624 842
628 751
629 992
630 861
633 909
636 641
636 846
639 946
647 728
647 892
648 746
649 785
649 960
652 995
655 895
657 735
661 850
661 987
664 887
665 692
665 822
665 829
666 938
669 1000
674 998
676 788
676 933
684 980
688 967
690 952
691 744
694 972
710 850
717 725
717 923
724 924
726 791
728 887
729 995
730 744
730 773
731 824
733 741
733 760
733 849
738 908
741 754
743 936
744 889
746 822
747 748
751 884
751 886
754 895
758 827
759 866
764 982
765 843
773 872
775 962
778 820
778 991
797 806
801 939
807 819
807 875
808 974
810 898
810 989
820 906
823 900
825 848
831 932
845 853
845 890
846 899
846 948
850 904
863 903
882 921
886 994
896 947
902 912
902 953
906 924
907 979
916 946
926 927
940 1000
